N	X	Y	Fit	Max	Midlle
1	0,988	0,418	0,159	0,159	0,046
	-1,216	-1,029	0,014			
	-1,328	-0,948	0,010			
	-1,407	-1,451	0,000			
2	-0,159	-0,268	0,864	0,864	0,472
	-0,114	-0,305	0,852			
	0,988	0,418	0,159			
	-1,216	-1,029	0,014			
3	-0,159	-0,268	0,864	0,864	0,835
	-0,137	-0,287	0,859			
	-0,114	-0,305	0,852			
	0,414	0,075	0,765			
4	-0,159	-0,268	0,864	0,864	0,861
	-0,148	-0,278	0,861			
	-0,137	-0,287	0,859			
	-0,137	-0,287	0,859			
5	-0,159	-0,268	0,864	0,864	0,862
	-0,154	-0,273	0,863			
	-0,148	-0,278	0,861			
	-0,148	-0,278	0,861			
6	-0,159	-0,268	0,864	0,864	0,863
	-0,157	-0,271	0,863			
	-0,154	-0,273	0,863			
	-0,154	-0,273	0,863			
7	-0,159	-0,268	0,864	0,864	0,863
	-0,157	-0,271	0,863			
	-0,157	-0,271	0,863			
	-0,154	-0,273	0,863			
8	-0,159	-0,268	0,864	0,864	0,863
	-0,158	-0,270	0,863			
	-0,158	-0,270	0,863			
	-0,157	-0,271	0,863			
9	-0,212	-0,214	0,873	0,873	0,866
	-0,159	-0,268	0,864			
	-0,159	-0,269	0,863			
	-0,158	-0,270	0,863			
10	-0,212	-0,214	0,873	0,873	0,867
	-0,185	-0,241	0,870			
	-0,159	-0,268	0,864			
	-0,159	-0,269	0,863			
11	-0,098	-0,160	0,948	0,948	0,891
	-0,212	-0,214	0,873			
	-0,198	-0,228	0,872			
	-0,185	-0,241	0,870			
12	-0,098	-0,160	0,948	0,948	0,902
	-0,148	-0,194	0,914			
	-0,096	-0,284	0,874			
	-0,212	-0,214	0,873			
13	-0,098	-0,160	0,948	0,948	0,936
	-0,113	-0,151	0,948			
	-0,123	-0,177	0,932			
	-0,148	-0,194	0,914			
14	-0,098	-0,160	0,948	0,948	0,946
	-0,105	-0,156	0,948			
	-0,113	-0,151	0,948			
	-0,110	-0,169	0,941			
15	-0,102	-0,158	0,948	0,948	0,948
	-0,098	-0,160	0,948			
	-0,105	-0,156	0,948			
	-0,105	-0,156	0,948			
16	-0,102	-0,158	0,948	0,948	0,948
	-0,100	-0,159	0,948			
	-0,098	-0,160	0,948			
	-0,105	-0,156	0,948			
17	-0,101	-0,159	0,948	0,948	0,948
	-0,102	-0,158	0,948			
	-0,100	-0,159	0,948			
	-0,098	-0,160	0,948			
18	-0,092	-0,162	0,949	0,949	0,949
	-0,101	-0,158	0,948			
	-0,101	-0,159	0,948			
	-0,102	-0,158	0,948			
19	-0,092	-0,162	0,949	0,949	0,949
	-0,097	-0,160	0,949			
	-0,096	-0,160	0,949			
	-0,101	-0,158	0,948			
